"F1CEC2017": [10, 30, 50, 100], "F2CEC2017": [10, 30, 50, 100],
"F3CEC2017": [10, 30, 50, 100], "F4CEC2017": [10, 30, 50, 100],
"F5CEC2017": [10, 30, 50, 100], "F6CEC2017": [10, 30, 50, 100],
"F7CEC2017": [10, 30, 50, 100], "F8CEC2017": [10, 30, 50, 100],
"F9CEC2017": [10, 30, 50, 100], "F10CEC2017": [10, 30, 50, 100],
"F11CEC2017": [10, 30, 50, 100], "F12CEC2017": [10, 30, 50, 100],
"F13CEC2017": [10, 30, 50, 100], "F14CEC2017": [10, 30, 50, 100],
"F15CEC2017": [10, 30, 50, 100], "F16CEC2017": [10, 30, 50, 100],
"F17CEC2017": [10, 30, 50, 100], "F18CEC2017": [10, 30, 50, 100],
"F19CEC2017": [10, 30, 50, 100], "F20CEC2017": [10, 30, 50, 100],
"F21CEC2017": [10, 30, 50, 100], "F22CEC2017": [10, 30, 50, 100],
"F23CEC2017": [10, 30, 50, 100], "F24CEC2017": [10, 30, 50, 100],
"F25CEC2017": [10, 30, 50, 100], "F26CEC2017": [10, 30, 50, 100],
"F27CEC2017": [10, 30, 50, 100], "F28CEC2017": [10, 30, 50, 100],
"F29CEC2017": [10, 30, 50, 100], "F30CEC2017": [10, 30, 50, 100]